#!/bin/ksh

# Right now this program only works for hydrogen, so leave everything else at
# zero.
build/src/sb_solver << EOF
&params
        p_g = 1.0d5
        y(1) = 1.0d0, 0.0d0, 0.0d0, 0.0d0, 0.0d0, 0.0d0, 0.0d0, 0.0d0, 0.0d0, 0.0d0, 0.0d0, 0.0d0, 0.0d0, 0.0d0, 0.0d0, 0.0d0, 0.0d0, 0.0d0, 0.0d0, 0.0d0, 0.0d0, 0.0d0, 0.0d0, 0.0d0, 0.0d0, 0.0d0, 0.0d0, 0.0d0, 0.0d0, 0.0d0, 0.0d0, 0.0d0, 0.0d0, 0.0d0, 0.0d0, 0.0d0, 0.0d0, 0.0d0, 0.0d0, 0.0d0, 0.0d0, 0.0d0, 0.0d0, 0.0d0, 0.0d0, 0.0d0, 0.0d0, 0.0d0, 0.0d0, 0.0d0, 0.0d0, 0.0d0, 0.0d0, 0.0d0, 0.0d0, 0.0d0, 0.0d0, 0.0d0, 0.0d0, 0.0d0, 0.0d0, 0.0d0, 0.0d0, 0.0d0, 0.0d0, 0.0d0, 0.0d0, 0.0d0, 0.0d0, 0.0d0, 0.0d0, 0.0d0, 0.0d0, 0.0d0, 0.0d0, 0.0d0, 0.0d0, 0.0d0, 0.0d0, 0.0d0, 0.0d0, 0.0d0, 0.0d0, 0.0d0, 0.0d0, 0.0d0, 0.0d0, 0.0d0, 0.0d0, 0.0d0, 0.0d0, 0.0d0
/
EOF
